#seqId	guideId	targetSeq	mitSpecScore	offtargetCount	targetGenomeGeneLocus	Doench '16-Score	Moreno-Mateos-Score	Out-of-Frame-Score	Lindel-Score
target_79_ENST00000332728.8.fasta_pilon	844rev	CCATCCATAGGCGTCTTCGGAGG	97	20	exon:LYSMD4	67	54	46	63	GrafOK
target_79_ENST00000332728.8.fasta_pilon	847rev	GCACCATCCATAGGCGTCTTCGG	97	33	exon:LYSMD4	49	53	45	81	tt
target_79_ENST00000332728.8.fasta_pilon	21forw	GATGTTCGTAGCCAATCCGCAGG	96	13	exon:LYSMD4	NotEnoughFlankSeq	NotEnoughFlankSeq	NotEnoughFlankSeq	NotEnoughFlankSeq	GrafOK
target_79_ENST00000332728.8.fasta_pilon	1421rev	CCCTCCGAGCACGTCCAACTTGG	96	34	exon:LYSMD4	33	42	80	86	GrafOK
target_79_ENST00000332728.8.fasta_pilon	1441forw	CCAAGTTGGACGTGCTCGGAGGG	96	37	exon:LYSMD4	58	70	67	77	GrafOK
target_79_ENST00000332728.8.fasta_pilon	26forw	TCGTAGCCAATCCGCAGGCGCGG	95	20	exon:LYSMD4	NotEnoughFlankSeq	NotEnoughFlankSeq	NotEnoughFlankSeq	NotEnoughFlankSeq	GrafOK
target_79_ENST00000332728.8.fasta_pilon	74forw	GGTCGCGAGTCGCCGGTCGCCGG	95	26	exon:LYSMD4	45	45	67	87	GrafOK
target_79_ENST00000332728.8.fasta_pilon	838rev	ATAGGCGTCTTCGGAGGTGCCGG	95	39	exon:LYSMD4	50	56	60	68	GrafOK
target_79_ENST00000332728.8.fasta_pilon	864forw	CCTCCGAAGACGCCTATGGATGG	95	30	exon:LYSMD4	55	30	80	86	GrafOK
target_79_ENST00000332728.8.fasta_pilon	12rev	CTGCCACCGCGCCTGCGGATTGG	94	48	exon:LYSMD4	NotEnoughFlankSeq	NotEnoughFlankSeq	NotEnoughFlankSeq	NotEnoughFlankSeq	GrafOK
target_79_ENST00000332728.8.fasta_pilon	161forw	GCCCCTGAGCTCGGACGCGAAGG	94	62	exon:LYSMD4	50	46	64	76	GrafOK
target_79_ENST00000332728.8.fasta_pilon	860forw	GGCACCTCCGAAGACGCCTATGG	94	29	exon:LYSMD4	55	55	76	76	GrafOK
target_79_ENST00000332728.8.fasta_pilon	1019forw	TGTCATCCCCAATGGCTCGATGG	94	51	exon:LYSMD4	56	30	72	95	GrafOK
target_79_ENST00000332728.8.fasta_pilon	1440forw	CCCAAGTTGGACGTGCTCGGAGG	94	60	exon:LYSMD4	61	41	66	83	GrafOK
target_79_ENST00000332728.8.fasta_pilon	29forw	TAGCCAATCCGCAGGCGCGGTGG	93	33	exon:LYSMD4	NotEnoughFlankSeq	NotEnoughFlankSeq	NotEnoughFlankSeq	NotEnoughFlankSeq	GrafOK
target_79_ENST00000332728.8.fasta_pilon	143rev	AGCCTTCGCGTCCGAGCTCAGGG	93	46	exon:LYSMD4	46	42	67	82	GrafOK
target_79_ENST00000332728.8.fasta_pilon	144rev	CAGCCTTCGCGTCCGAGCTCAGG	93	72	exon:LYSMD4	32	48	71	78	GrafOK
target_79_ENST00000332728.8.fasta_pilon	1949rev	TTCAGACGCCAACCATAGTGAGG	93	37	exon:LYSMD4	59	38	72	84	GrafOK
target_79_ENST00000332728.8.fasta_pilon	1986forw	TCTGAAGCTGGGCGGTCGTCAGG	93	82	exon:LYSMD4	37	59	63	50	GrafOK
target_79_ENST00000332728.8.fasta_pilon	1006rev	CCCATTGCCATCGAGCCATTGGG	92	61	exon:LYSMD4	41	39	60	81	tt
target_79_ENST00000332728.8.fasta_pilon	1007rev	ACCCATTGCCATCGAGCCATTGG	92	71	exon:LYSMD4	40	52	65	81	GrafOK
target_79_ENST00000332728.8.fasta_pilon	1420rev	CCTCCGAGCACGTCCAACTTGGG	92	50	exon:LYSMD4	40	51	79	84	tt
target_79_ENST00000332728.8.fasta_pilon	66rev	GCTCCGCCGCGACCGGCGACCGG	91	70	exon:LYSMD4	34	54	74	83	GrafOK
target_79_ENST00000332728.8.fasta_pilon	165forw	CTGAGCTCGGACGCGAAGGCTGG	91	74	exon:LYSMD4	43	43	70	77	GrafOK
target_79_ENST00000332728.8.fasta_pilon	373rev	GCTGGTGGACACCGCTCTTGTGG	91	80	exon:LYSMD4	48	53	58	63	tt
target_79_ENST00000332728.8.fasta_pilon	1005rev	CCATTGCCATCGAGCCATTGGGG	91	64	exon:LYSMD4	58	70	54	82	GrafOK
target_79_ENST00000332728.8.fasta_pilon	1026forw	CCCAATGGCTCGATGGCAATGGG	91	50	exon:LYSMD4	46	47	63	67	GrafOK
target_79_ENST00000332728.8.fasta_pilon	1419rev	CTCCGAGCACGTCCAACTTGGGG	91	34	exon:LYSMD4	50	35	73	83	tt
target_79_ENST00000332728.8.fasta_pilon	2072rev	ACGAAGCGGCCTTCTCACTCTGG	91	32	exon:LYSMD4	50	23	66	81	GrafOK
target_79_ENST00000332728.8.fasta_pilon	1025forw	CCCCAATGGCTCGATGGCAATGG	90	77	exon:LYSMD4	49	36	61	60	GrafOK
target_79_ENST00000332728.8.fasta_pilon	1202forw	CTGTCACTGGCGATGTCCTAGGG	90	73	exon:LYSMD4	40	73	63	77	GrafOK
target_79_ENST00000332728.8.fasta_pilon	2203forw	GAGGCGACCCTTGTTGTAAAAGG	90	51	exon:LYSMD4	45	61	66	87	GrafOK
target_79_ENST00000332728.8.fasta_pilon	139rev	TTCGCGTCCGAGCTCAGGGGCGG	89	38	exon:LYSMD4	59	74	62	70	GrafOK
target_79_ENST00000332728.8.fasta_pilon	356rev	TTGTGGCGCTCCTTGCCCCGGGG	89	51	exon:LYSMD4	60	77	61	85	GrafOK
target_79_ENST00000332728.8.fasta_pilon	716rev	GCCCATCAGTTGGCCGGCCTGGG	89	87	exon:LYSMD4	37	58	60	76	ggc
target_79_ENST00000332728.8.fasta_pilon	1418rev	TCCGAGCACGTCCAACTTGGGGG	89	41	exon:LYSMD4	63	64	70	90	GrafOK
target_79_ENST00000332728.8.fasta_pilon	1456rev	CGCTGCAGGTCCCTCGACAGAGG	89	83	exon:LYSMD4	65	63	69	77	GrafOK
target_79_ENST00000332728.8.fasta_pilon	1466forw	AGATTTATGGCCTCTGTCGAGGG	89	72	exon:LYSMD4	62	42	65	82	GrafOK
target_79_ENST00000332728.8.fasta_pilon	1726rev	TATTCAACAGTGCCGCAGTTTGG	89	87	exon:LYSMD4	39	30	68	88	GrafOK
target_79_ENST00000332728.8.fasta_pilon	80forw	GAGTCGCCGGTCGCCGGTCGCGG	88	30	exon:LYSMD4	38	80	61	72	GrafOK
target_79_ENST00000332728.8.fasta_pilon	360forw	CCGTGTGGTTTTGCGGCCCCGGG	88	77	exon:LYSMD4	33	84	63	74	GrafOK
target_79_ENST00000332728.8.fasta_pilon	1049rev	TGGCACTGCAACTGCTAGTCTGG	88	105	exon:LYSMD4	20	43	47	76	GrafOK
target_79_ENST00000332728.8.fasta_pilon	1348forw	ACCTCGGCCCCTATCCAGAGAGG	88	72	exon:LYSMD4	69	52	66	89	GrafOK
target_79_ENST00000332728.8.fasta_pilon	1437forw	ACCCCCAAGTTGGACGTGCTCGG	88	76	exon:LYSMD4	55	49	64	87	GrafOK
target_79_ENST00000332728.8.fasta_pilon	2322forw	GGACAGAGCCTGCTACTACTTGG	88	123	exon:LYSMD4	44	25	73	63	GrafOK
target_79_ENST00000332728.8.fasta_pilon	142rev	GCCTTCGCGTCCGAGCTCAGGGG	87	43	exon:LYSMD4	64	59	65	91	GrafOK
target_79_ENST00000332728.8.fasta_pilon	361forw	CGTGTGGTTTTGCGGCCCCGGGG	87	46	exon:LYSMD4	63	76	62	84	GrafOK
target_79_ENST00000332728.8.fasta_pilon	717rev	AGCCCATCAGTTGGCCGGCCTGG	87	80	exon:LYSMD4	33	43	57	77	ggc
target_79_ENST00000332728.8.fasta_pilon	837rev	TAGGCGTCTTCGGAGGTGCCGGG	87	53	exon:LYSMD4	51	63	62	84	ggc
target_79_ENST00000332728.8.fasta_pilon	1228forw	CTGCATTTTGCTTCCGGGGAAGG	87	112	exon:LYSMD4	42	59	74	80	GrafOK
target_79_ENST00000332728.8.fasta_pilon	1294rev	TAGATCCTGCCAGCTTAGACTGG	87	66	exon:LYSMD4	34	26	68	79	GrafOK
target_79_ENST00000332728.8.fasta_pilon	1332forw	ATCTAAAACAGCAGCGACCTCGG	87	105	exon:LYSMD4	57	36	49	71	GrafOK
target_79_ENST00000332728.8.fasta_pilon	1725rev	ATTCAACAGTGCCGCAGTTTGGG	87	91	exon:LYSMD4	29	54	67	82	tt
target_79_ENST00000332728.8.fasta_pilon	1750forw	ACTGCGGCACTGTTGAATAAAGG	87	63	exon:LYSMD4	42	33	75	80	GrafOK
target_79_ENST00000332728.8.fasta_pilon	1831rev	GGGACGGCTCCTGCGGAACTGGG	87	76	exon:LYSMD4	42	65	63	80	GrafOK
target_79_ENST00000332728.8.fasta_pilon	1842forw	CAGGCTGCGCCCAGTTCCGCAGG	87	106	exon:LYSMD4	46	45	66	76	GrafOK
target_79_ENST00000332728.8.fasta_pilon	649rev	GTCACTGTGGTCTCGGAAGACGG	86	125	exon:LYSMD4	45	40	75	78	GrafOK
target_79_ENST00000332728.8.fasta_pilon	1509forw	TGGCATCTGCGCGGCTTGCCTGG	86	176	exon:LYSMD4	34	43	68	75	ggc
target_79_ENST00000332728.8.fasta_pilon	52forw	CAGCTGCGGGTCGCGGGTCGCGG	85	112	exon:LYSMD4	28	83	66	79	GrafOK
target_79_ENST00000332728.8.fasta_pilon	83forw	TCGCCGGTCGCCGGTCGCGGCGG	85	69	exon:LYSMD4	48	79	67	69	GrafOK
target_79_ENST00000332728.8.fasta_pilon	184rev	TCTTCACTGCAGGACCACGGCGG	85	129		72	84	69	86	GrafOK
target_79_ENST00000332728.8.fasta_pilon	1203forw	TGTCACTGGCGATGTCCTAGGGG	85	84	exon:LYSMD4	66	32	65	77	GrafOK
target_79_ENST00000332728.8.fasta_pilon	1305forw	TGGCCTTACCCAGTCTAAGCTGG	85	103	exon:LYSMD4	51	32	79	71	GrafOK
target_79_ENST00000332728.8.fasta_pilon	1832rev	TGGGACGGCTCCTGCGGAACTGG	85	125	exon:LYSMD4	18	57	63	71	GrafOK
target_79_ENST00000332728.8.fasta_pilon	67forw	GGTCGCGGGTCGCGAGTCGCCGG	84	88	exon:LYSMD4	46	61	68	82	GrafOK
target_79_ENST00000332728.8.fasta_pilon	359forw	ACCGTGTGGTTTTGCGGCCCCGG	84	100	exon:LYSMD4	33	51	61	66	GrafOK
target_79_ENST00000332728.8.fasta_pilon	735forw	GCCCAGGCCGGCCAACTGATGGG	84	132	exon:LYSMD4	43	48	61	82	GrafOK
target_79_ENST00000332728.8.fasta_pilon	1201forw	GCTGTCACTGGCGATGTCCTAGG	84	138	exon:LYSMD4	44	46	62	76	tt
target_79_ENST00000332728.8.fasta_pilon	1719rev	CAGTGCCGCAGTTTGGGTCCAGG	84	99	exon:LYSMD4	41	42	70	76	GrafOK
target_79_ENST00000332728.8.fasta_pilon	73rev	CGCCCAGGCTCCGCCGCGACCGG	83	121	exon:LYSMD4	30	70	66	76	GrafOK
target_79_ENST00000332728.8.fasta_pilon	662rev	TGGCAGTTCCACGGTCACTGTGG	83	120	exon:LYSMD4	66	37	63	71	GrafOK
target_79_ENST00000332728.8.fasta_pilon	674forw	TTCCGAGACCACAGTGACCGTGG	83	79	exon:LYSMD4	65	32	65	71	GrafOK
target_79_ENST00000332728.8.fasta_pilon	734forw	TGCCCAGGCCGGCCAACTGATGG	83	144	exon:LYSMD4	43	32	60	75	GrafOK
target_79_ENST00000332728.8.fasta_pilon	758forw	CTTCTTTAAGGGGATTGACCAGG	83	118	exon:LYSMD4	52	22	54	78	GrafOK
target_79_ENST00000332728.8.fasta_pilon	1532rev	AGAGCCAATCCCCGCTCCACAGG	83	116	exon:LYSMD4	47	57	64	72	GrafOK
target_79_ENST00000332728.8.fasta_pilon	1548forw	ACTTCCTGTGGAGCGGGGATTGG	83	174	exon:LYSMD4	36	55	67	69	GrafOK
target_79_ENST00000332728.8.fasta_pilon	1718rev	AGTGCCGCAGTTTGGGTCCAGGG	83	87	exon:LYSMD4	52	44	69	83	GrafOK
target_79_ENST00000332728.8.fasta_pilon	1851rev	AATCCAGAGAGCCACGCTGTGGG	83	108	exon:LYSMD4	66	50	76	77	GrafOK
target_79_ENST00000332728.8.fasta_pilon	2160rev	TAGCCCCTCCATCAAGTCTTTGG	83	96	exon:LYSMD4	41	52	71	84	tt
target_79_ENST00000332728.8.fasta_pilon	2323forw	GACAGAGCCTGCTACTACTTGGG	83	91	exon:LYSMD4	42	62	73	65	tt
target_79_ENST00000332728.8.fasta_pilon	2418rev	TGTCCCTCCACCGAGCATCTGGG	83	107	exon:LYSMD4	48	37	70	85	GrafOK
target_79_ENST00000332728.8.fasta_pilon	2435forw	CTGCCCAGATGCTCGGTGGAGGG	83	157	exon:LYSMD4	60	56	64	82	GrafOK
target_79_ENST00000332728.8.fasta_pilon	1371rev	GCCAGTCCACTAAATGTCACAGG	82	88	exon:LYSMD4	51	31	76	85	GrafOK
target_79_ENST00000332728.8.fasta_pilon	1390forw	CCCTGTGACATTTAGTGGACTGG	82	116	exon:LYSMD4	36	23	75	80	GrafOK
target_79_ENST00000332728.8.fasta_pilon	1485rev	GCAAGCCGCGCAGATGCCACTGG	82	76	exon:LYSMD4	41	58	59	76	GrafOK
target_79_ENST00000332728.8.fasta_pilon	1751forw	CTGCGGCACTGTTGAATAAAGGG	82	73	exon:LYSMD4	26	61	75	85	GrafOK
target_79_ENST00000332728.8.fasta_pilon	2010rev	GCCCTGTGTTAGGTGTGCACAGG	82	132	exon:LYSMD4	44	33	64	85	GrafOK
target_79_ENST00000332728.8.fasta_pilon	2191rev	TCTGATCGCCTTTTACAACAAGG	82	83	exon:LYSMD4	63	26	66	76	GrafOK
target_79_ENST00000332728.8.fasta_pilon	2419rev	CTGTCCCTCCACCGAGCATCTGG	82	210	exon:LYSMD4	31	36	75	73	GrafOK
target_79_ENST00000332728.8.fasta_pilon	639rev	TCTCGGAAGACGGGCTCAGAAGG	81	81	exon:LYSMD4	46	46	57	83	GrafOK
target_79_ENST00000332728.8.fasta_pilon	1046rev	CACTGCAACTGCTAGTCTGGGGG	81	105	exon:LYSMD4	58	41	53	76	GrafOK
target_79_ENST00000332728.8.fasta_pilon	1048rev	GGCACTGCAACTGCTAGTCTGGG	81	116	exon:LYSMD4	34	35	48	73	GrafOK
target_79_ENST00000332728.8.fasta_pilon	1273forw	TGCAGTATTCCCAATTGCACTGG	81	130	exon:LYSMD4	53	23	67	70	GrafOK
target_79_ENST00000332728.8.fasta_pilon	1288rev	CTGCCAGCTTAGACTGGGTAAGG	81	120	exon:LYSMD4	53	57	63	78	GrafOK
target_79_ENST00000332728.8.fasta_pilon	1309forw	CTTACCCAGTCTAAGCTGGCAGG	81	116	exon:LYSMD4	54	35	67	86	GrafOK
target_79_ENST00000332728.8.fasta_pilon	1329rev	ACCTCTCTGGATAGGGGCCGAGG	81	127	exon:LYSMD4	50	54	49	69	GrafOK
target_79_ENST00000332728.8.fasta_pilon	1335rev	TGCTGCACCTCTCTGGATAGGGG	81	125	exon:LYSMD4	57	41	58	79	GrafOK
target_79_ENST00000332728.8.fasta_pilon	1465forw	AAGATTTATGGCCTCTGTCGAGG	81	89	exon:LYSMD4	55	49	64	77	GrafOK
target_79_ENST00000332728.8.fasta_pilon	1838rev	ACGCTGTGGGACGGCTCCTGCGG	81	96	exon:LYSMD4	59	87	69	71	GrafOK
target_79_ENST00000332728.8.fasta_pilon	1860forw	GCAGGAGCCGTCCCACAGCGTGG	81	114	exon:LYSMD4	64	50	74	91	GrafOK
target_79_ENST00000332728.8.fasta_pilon	2434forw	ACTGCCCAGATGCTCGGTGGAGG	81	104	exon:LYSMD4	54	67	63	70	GrafOK
target_79_ENST00000332728.8.fasta_pilon	382forw	GGCAAGGAGCGCCACAAGAGCGG	80	113	exon:LYSMD4	58	69	67	77	GrafOK
target_79_ENST00000332728.8.fasta_pilon	398rev	ACGTCACCTGCTCCCGCCTGGGG	80	95	exon:LYSMD4	56	86	66	85	GrafOK
target_79_ENST00000332728.8.fasta_pilon	747forw	CAACTGATGGGCTTCTTTAAGGG	80	107	exon:LYSMD4	25	38	65	82	GrafOK
target_79_ENST00000332728.8.fasta_pilon	856rev	CCACAATCTGCACCATCCATAGG	80	133	exon:LYSMD4	57	53	76	88	GrafOK
target_79_ENST00000332728.8.fasta_pilon	1370rev	CCAGTCCACTAAATGTCACAGGG	80	94	exon:LYSMD4	66	25	77	83	GrafOK
target_79_ENST00000332728.8.fasta_pilon	1427forw	CACTGTGAGGACCCCCAAGTTGG	80	121	exon:LYSMD4	58	61	79	86	GrafOK
target_79_ENST00000332728.8.fasta_pilon	1974forw	CTATGGTTGGCGTCTGAAGCTGG	80	90	exon:LYSMD4	30	12	62	69	GrafOK
target_79_ENST00000332728.8.fasta_pilon	2190rev	CTGATCGCCTTTTACAACAAGGG	80	48	exon:LYSMD4	58	58	66	46	GrafOK
target_79_ENST00000332728.8.fasta_pilon	2431forw	GACACTGCCCAGATGCTCGGTGG	80	109	exon:LYSMD4	63	45	63	89	GrafOK
target_79_ENST00000332728.8.fasta_pilon	2490rev	AATCGGAAATCACTCTTACATGG	80	108	exon:LYSMD4	56	18	71	77	GrafOK
target_79_ENST00000332728.8.fasta_pilon	174rev	AGGACCACGGCGGCAGCCCGGGG	79	102	exon:LYSMD4	53	77	70	87	GrafOK
target_79_ENST00000332728.8.fasta_pilon	277rev	CATTCTTAAACATGTATACGTGG	79	115	exon:LYSMD4	64	24	64	87	GrafOK
target_79_ENST00000332728.8.fasta_pilon	340rev	CCCGGGGCCGCAAAACCACACGG	79	93	exon:LYSMD4	59	46	58	73	GrafOK
target_79_ENST00000332728.8.fasta_pilon	345forw	TGAAGAAGAGTCTCACCGTGTGG	79	187	exon:LYSMD4	67	60	64	86	GrafOK
target_79_ENST00000332728.8.fasta_pilon	366forw	GGTTTTGCGGCCCCGGGGCAAGG	79	117	exon:LYSMD4	40	54	55	75	GrafOK
target_79_ENST00000332728.8.fasta_pilon	746forw	CCAACTGATGGGCTTCTTTAAGG	79	120	exon:LYSMD4	16	23	66	81	tt
target_79_ENST00000332728.8.fasta_pilon	1092rev	GCTGGGTGGTCTGACTGAACTGG	79	144	intron:RP11-284M14.1	42	57	70	83	GrafOK
target_79_ENST00000332728.8.fasta_pilon	1769rev	TCACACTAAGCCACTCTAAAAGG	79	118	exon:LYSMD4	36	23	73	85	GrafOK
target_79_ENST00000332728.8.fasta_pilon	2154rev	CTCCATCAAGTCTTTGGTCCTGG	79	136	exon:LYSMD4	38	26	63	63	GrafOK
target_79_ENST00000332728.8.fasta_pilon	2546rev	TTAATTTGCTAATGGAACCCAGG	79	154	exon:LYSMD4	56	27	68	76	GrafOK
target_79_ENST00000332728.8.fasta_pilon	91forw	CGCCGGTCGCGGCGGAGCCTGGG	78	122	exon:LYSMD4	34	45	76	83	ggc
target_79_ENST00000332728.8.fasta_pilon	357rev	CTTGTGGCGCTCCTTGCCCCGGG	78	114	exon:LYSMD4	37	61	63	81	GrafOK
target_79_ENST00000332728.8.fasta_pilon	637rev	TCGGAAGACGGGCTCAGAAGGGG	78	98	exon:LYSMD4	55	64	53	67	GrafOK
target_79_ENST00000332728.8.fasta_pilon	686forw	AGTGACCGTGGAACTGCCAGAGG	78	130	exon:LYSMD4	64	70	62	78	GrafOK
target_79_ENST00000332728.8.fasta_pilon	1069rev	CTGTCTGAAGAGGTGACGGCTGG	78	154		54	41	65	65	GrafOK
target_79_ENST00000332728.8.fasta_pilon	1453forw	TGCTCGGAGGGAAAGATTTATGG	78	117	exon:LYSMD4	24	17	64	80	tt
target_79_ENST00000332728.8.fasta_pilon	1868forw	CGTCCCACAGCGTGGCTCTCTGG	78	91	exon:LYSMD4	39	22	67	84	tt
target_79_ENST00000332728.8.fasta_pilon	2050rev	GAGCTCCGAAGAACTGAGCCAGG	78	121	exon:LYSMD4	45	40	57	84	ggc
target_79_ENST00000332728.8.fasta_pilon	2461forw	GTGATGGCCTTTGACTCATGAGG	78	114	exon:LYSMD4	64	54	70	84	GrafOK
target_79_ENST00000332728.8.fasta_pilon	481forw	AACAAGCTGGCGCTGCAGTATGG	77	87	exon:LYSMD4	42	61	81	89	GrafOK
target_79_ENST00000332728.8.fasta_pilon	726rev	CCTTAAAGAAGCCCATCAGTTGG	77	129	exon:LYSMD4	64	27	60	75	GrafOK
target_79_ENST00000332728.8.fasta_pilon	978rev	CAGTTGTGTTCAAGCTATTAGGG	77	149	exon:LYSMD4	27	36	62	73	GrafOK
target_79_ENST00000332728.8.fasta_pilon	1039forw	TGGCAATGGGTACAGTTCCAGGG	77	148	exon:LYSMD4	64	60	66	68	GrafOK
target_79_ENST00000332728.8.fasta_pilon	1162forw	ACCTGCCCAGCTTTTGCAGTTGG	77	152	intron:RP11-284M14.1	45	20	49	67	GrafOK
target_79_ENST00000332728.8.fasta_pilon	2028forw	CCCCTGTGCACACCTAACACAGG	77	149	exon:LYSMD4	57	32	68	78	GrafOK
target_79_ENST00000332728.8.fasta_pilon	2029forw	CCCTGTGCACACCTAACACAGGG	77	161	exon:LYSMD4	63	35	68	84	GrafOK
target_79_ENST00000332728.8.fasta_pilon	2329forw	GCCTGCTACTACTTGGGAGTTGG	77	115	exon:LYSMD4	54	29	72	80	GrafOK
target_79_ENST00000332728.8.fasta_pilon	2448rev	CTCCAGGCCTCATGAGTCAAAGG	77	180	exon:LYSMD4	54	57	67	80	GrafOK
target_79_ENST00000332728.8.fasta_pilon	53forw	AGCTGCGGGTCGCGGGTCGCGGG	76	121	exon:LYSMD4	39	63	65	76	GrafOK
target_79_ENST00000332728.8.fasta_pilon	136rev	GCGTCCGAGCTCAGGGGCGGCGG	76	107	exon:LYSMD4	52	77	53	71	GrafOK
target_79_ENST00000332728.8.fasta_pilon	876forw	CCTATGGATGGTGCAGATTGTGG	76	126	exon:LYSMD4	62	65	66	79	GrafOK
target_79_ENST00000332728.8.fasta_pilon	977rev	AGTTGTGTTCAAGCTATTAGGGG	76	212	exon:LYSMD4	59	35	60	64	GrafOK
target_79_ENST00000332728.8.fasta_pilon	979rev	ACAGTTGTGTTCAAGCTATTAGG	76	160	exon:LYSMD4	34	37	64	81	tt
target_79_ENST00000332728.8.fasta_pilon	1036rev	GCTAGTCTGGGGGCTTGCCCTGG	76	149	exon:LYSMD4	39	34	66	75	GrafOK
target_79_ENST00000332728.8.fasta_pilon	1038forw	ATGGCAATGGGTACAGTTCCAGG	76	155	exon:LYSMD4	44	46	64	72	tt
target_79_ENST00000332728.8.fasta_pilon	1470rev	GCCACTGGCTCTCACGCTGCAGG	76	225	exon:LYSMD4	46	34	60	59	GrafOK
target_79_ENST00000332728.8.fasta_pilon	1764rev	CTAAGCCACTCTAAAAGGACAGG	76	130	exon:LYSMD4	57	45	84	82	GrafOK
target_79_ENST00000332728.8.fasta_pilon	2049rev	AGCTCCGAAGAACTGAGCCAGGG	76	129	exon:LYSMD4	65	35	55	80	GrafOK
target_79_ENST00000332728.8.fasta_pilon	358rev	TCTTGTGGCGCTCCTTGCCCCGG	75	118	exon:LYSMD4	38	45	62	69	GrafOK
target_79_ENST00000332728.8.fasta_pilon	457rev	ACTGCAGCGCCAGCTTGTTGAGG	75	144	exon:LYSMD4	52	51	49	58	GrafOK
target_79_ENST00000332728.8.fasta_pilon	1224forw	GGTGCTGCATTTTGCTTCCGGGG	75	140	exon:LYSMD4	57	45	73	84	GrafOK
target_79_ENST00000332728.8.fasta_pilon	1689forw	TTCATCGGTTAGTCTTTTTGAGG	75	136	intron:RP11-284M14.1	41	41	63	68	tt
target_79_ENST00000332728.8.fasta_pilon	2009rev	CCCTGTGTTAGGTGTGCACAGGG	75	155	exon:LYSMD4	44	40	65	86	GrafOK
target_79_ENST00000332728.8.fasta_pilon	88rev	CAAGTCCCTTCTCAGCGCCCAGG	74	177		50	37	76	80	GrafOK
target_79_ENST00000332728.8.fasta_pilon	1336rev	TTGCTGCACCTCTCTGGATAGGG	74	144	exon:LYSMD4	40	43	59	78	GrafOK
target_79_ENST00000332728.8.fasta_pilon	1500forw	GAGAGCCAGTGGCATCTGCGCGG	74	172	exon:LYSMD4	68	61	75	87	GrafOK
target_79_ENST00000332728.8.fasta_pilon	1543forw	TCCTCACTTCCTGTGGAGCGGGG	74	175	exon:LYSMD4	60	52	66	86	GrafOK
target_79_ENST00000332728.8.fasta_pilon	1779forw	CTACTCCTGTCCTTTTAGAGTGG	74	128	exon:LYSMD4	49	28	74	87	GrafOK
target_79_ENST00000332728.8.fasta_pilon	1957forw	CTGTCACTGAGGCCTCACTATGG	74	175	exon:LYSMD4	56	56	67	82	GrafOK
target_79_ENST00000332728.8.fasta_pilon	1975forw	TATGGTTGGCGTCTGAAGCTGGG	74	117	exon:LYSMD4	49	61	65	71	GrafOK
target_79_ENST00000332728.8.fasta_pilon	2175forw	CAGGACCAAAGACTTGATGGAGG	74	183	exon:LYSMD4	69	46	69	73	GrafOK
target_79_ENST00000332728.8.fasta_pilon	17rev	CGCAGCTGCCACCGCGCCTGCGG	73	185	exon:LYSMD4	NotEnoughFlankSeq	NotEnoughFlankSeq	NotEnoughFlankSeq	NotEnoughFlankSeq	GrafOK
target_79_ENST00000332728.8.fasta_pilon	269rev	AACATGTATACGTGGCTGGTCGG	73	309	exon:LYSMD4	64	51	73	86	GrafOK
target_79_ENST00000332728.8.fasta_pilon	399rev	CACGTCACCTGCTCCCGCCTGGG	73	151	exon:LYSMD4	40	57	70	74	ggc
target_79_ENST00000332728.8.fasta_pilon	589rev	AGGATCCCATGGTTTCTCACTGG	73	128	exon:LYSMD4	52	34	61	83	GrafOK
target_79_ENST00000332728.8.fasta_pilon	609rev	GTTCTTTGTGGGTCTCCATCAGG	73	146	exon:LYSMD4	39	42	59	74	GrafOK
target_79_ENST00000332728.8.fasta_pilon	711forw	GACAGAGCAGGCGCGGGCACCGG	73	232	exon:LYSMD4	33	75	60	67	GrafOK
target_79_ENST00000332728.8.fasta_pilon	748forw	AACTGATGGGCTTCTTTAAGGGG	73	178	exon:LYSMD4	41	39	62	77	GrafOK
target_79_ENST00000332728.8.fasta_pilon	1279forw	ATTCCCAATTGCACTGGCCCTGG	73	120	exon:LYSMD4	40	4	66	61	GrafOK
target_79_ENST00000332728.8.fasta_pilon	1797forw	AGTGGCTTAGTGTGACACACAGG	73	143	exon:LYSMD4	66	54	55	90	GrafOK
target_79_ENST00000332728.8.fasta_pilon	178forw	CGAAGGCTGGCCCCGTCCCCGGG	72	200	exon:LYSMD4	45	70	73	75	GrafOK
target_79_ENST00000332728.8.fasta_pilon	248rev	GGAGTCCCACACACAACAGCTGG	72	190	exon:LYSMD4	49	9	71	67	GrafOK
target_79_ENST00000332728.8.fasta_pilon	600rev	GGGTCTCCATCAGGATCCCATGG	72	158	exon:LYSMD4	54	51	58	77	GrafOK
target_79_ENST00000332728.8.fasta_pilon	638rev	CTCGGAAGACGGGCTCAGAAGGG	72	114	exon:LYSMD4	55	52	58	88	GrafOK
target_79_ENST00000332728.8.fasta_pilon	722rev	AAAGAAGCCCATCAGTTGGCCGG	72	180	exon:LYSMD4	58	28	68	79	GrafOK
target_79_ENST00000332728.8.fasta_pilon	812forw	TCTACATGAAAGTTACTGCATGG	72	162	exon:LYSMD4	58	28	65	93	GrafOK
target_79_ENST00000332728.8.fasta_pilon	1276rev	ACTGGGTAAGGCCATGCCCAGGG	72	172	exon:LYSMD4	60	54	66	63	GrafOK
target_79_ENST00000332728.8.fasta_pilon	1337rev	CTTGCTGCACCTCTCTGGATAGG	72	158	exon:LYSMD4	35	38	59	80	GrafOK
target_79_ENST00000332728.8.fasta_pilon	1653rev	CGATGAAGCAAATATGAAGTAGG	72	135	intron:RP11-284M14.1	57	22	60	83	GrafOK
target_79_ENST00000332728.8.fasta_pilon	2105forw	GCCGCTTCGTCCTTTTTCTCTGG	72	117	exon:LYSMD4	22	19	74	70	tt
target_79_ENST00000332728.8.fasta_pilon	46forw	CGGTGGCAGCTGCGGGTCGCGGG	71	192	exon:LYSMD4	NotEnoughFlankSeq	NotEnoughFlankSeq	NotEnoughFlankSeq	NotEnoughFlankSeq	GrafOK
target_79_ENST00000332728.8.fasta_pilon	244forw	TTGTTAACCAAGACCTTCCAAGG	71	148	exon:LYSMD4	51	33	82	93	GrafOK
target_79_ENST00000332728.8.fasta_pilon	719forw	AGGCGCGGGCACCGGTGCCCAGG	71	203	exon:LYSMD4	31	59	60	68	GrafOK
target_79_ENST00000332728.8.fasta_pilon	886forw	GTGCAGATTGTGGCATTCAGTGG	71	176	exon:LYSMD4	65	69	71	90	GrafOK
target_79_ENST00000332728.8.fasta_pilon	1148rev	CAAGAGCCAACTGCAAAAGCTGG	71	206	intron:RP11-284M14.1	43	20	65	66	GrafOK
target_79_ENST00000332728.8.fasta_pilon	1198rev	AAGCAAAATGCAGCACCCCTAGG	71	192	exon:LYSMD4	61	59	62	88	GrafOK
target_79_ENST00000332728.8.fasta_pilon	2403forw	GGCCTCCAAGAGTTCTGGACAGG	71	228	exon:LYSMD4	56	47	65	81	GrafOK
target_79_ENST00000332728.8.fasta_pilon	177forw	GCGAAGGCTGGCCCCGTCCCCGG	70	152	exon:LYSMD4	33	66	70	80	GrafOK
target_79_ENST00000332728.8.fasta_pilon	353forw	AGTCTCACCGTGTGGTTTTGCGG	70	140	exon:LYSMD4	48	30	53	82	tt
target_79_ENST00000332728.8.fasta_pilon	1176rev	GACATCGCCAGTGACAGCTGAGG	70	164	exon:LYSMD4	69	52	56	73	GrafOK
target_79_ENST00000332728.8.fasta_pilon	1293rev	AGATCCTGCCAGCTTAGACTGGG	70	129	exon:LYSMD4	51	31	64	73	GrafOK
target_79_ENST00000332728.8.fasta_pilon	1342rev	GCTCTCTTGCTGCACCTCTCTGG	70	230	exon:LYSMD4	37	23	59	88	tt
target_79_ENST00000332728.8.fasta_pilon	1876rev	TCCTTCCAAGGAGGACAAGTGGG	70	237	exon:LYSMD4	62	40	56	68	GrafOK
target_79_ENST00000332728.8.fasta_pilon	1918forw	AGCTCTTGCTGGCCAGTGTTTGG	70	193	exon:LYSMD4	33	44	71	89	tt
target_79_ENST00000332728.8.fasta_pilon	1922forw	CTTGCTGGCCAGTGTTTGGAGGG	70	188	exon:LYSMD4	46	46	72	84	GrafOK
target_79_ENST00000332728.8.fasta_pilon	2020rev	CAGGGGGAGCGCCCTGTGTTAGG	70	161	exon:LYSMD4	36	89	66	80	tt
target_79_ENST00000332728.8.fasta_pilon	2184forw	AGACTTGATGGAGGGGCTAGAGG	70	218	exon:LYSMD4	61	46	64	73	GrafOK
target_79_ENST00000332728.8.fasta_pilon	2250rev	TGCTGCCTTGGCAGCGAGAAGGG	70	219	exon:LYSMD4	38	74	49	81	GrafOK
target_79_ENST00000332728.8.fasta_pilon	176rev	GCAGGACCACGGCGGCAGCCCGG	69	273	exon:LYSMD4	44	44	75	81	ggc
target_79_ENST00000332728.8.fasta_pilon	1263rev	ATGCCCAGGGCCAGTGCAATTGG	69	186	exon:LYSMD4	29	54	64	60	GrafOK
target_79_ENST00000332728.8.fasta_pilon	1852rev	GAATCCAGAGAGCCACGCTGTGG	69	204	exon:LYSMD4	61	31	78	83	GrafOK
target_79_ENST00000332728.8.fasta_pilon	2114rev	TGCATATAGTGTTATTCTAAGGG	69	195	exon:LYSMD4	42	26	65	84	GrafOK
target_79_ENST00000332728.8.fasta_pilon	2482forw	GGCCTGGAGAAAAGTATCAAAGG	69	217	exon:LYSMD4	58	33	62	72	GrafOK
target_79_ENST00000332728.8.fasta_pilon	45forw	GCGGTGGCAGCTGCGGGTCGCGG	68	336	exon:LYSMD4	NotEnoughFlankSeq	NotEnoughFlankSeq	NotEnoughFlankSeq	NotEnoughFlankSeq	GrafOK
target_79_ENST00000332728.8.fasta_pilon	315forw	GAATGGCAGTGGGGACTCGGGGG	68	256	exon:LYSMD4	64	67	57	76	GrafOK
target_79_ENST00000332728.8.fasta_pilon	1079rev	ACTGAACTGGCTGTCTGAAGAGG	68	165	intron:RP11-284M14.1	58	59	74	74	GrafOK
target_79_ENST00000332728.8.fasta_pilon	1109rev	CAAAGCTTAGTTCCCTGGCTGGG	68	164	intron:RP11-284M14.1	57	50	77	83	GrafOK
target_79_ENST00000332728.8.fasta_pilon	1232forw	ATTTTGCTTCCGGGGAAGGATGG	68	174	exon:LYSMD4	53	37	78	89	GrafOK
target_79_ENST00000332728.8.fasta_pilon	1758rev	CACTCTAAAAGGACAGGAGTAGG	68	180	exon:LYSMD4	54	29	64	71	GrafOK
target_79_ENST00000332728.8.fasta_pilon	1895forw	TCCCACTTGTCCTCCTTGGAAGG	68	182	exon:LYSMD4	47	25	80	86	GrafOK
target_79_ENST00000332728.8.fasta_pilon	1936rev	CATAGTGAGGCCTCAGTGACAGG	68	191	exon:LYSMD4	50	66	69	85	GrafOK
target_79_ENST00000332728.8.fasta_pilon	2750rev	GATTTTGTCATGGAACTCCAAGG	68	184	exon:LYSMD4	62	26	60	86	GrafOK
target_79_ENST00000332728.8.fasta_pilon	90forw	TCGCCGGTCGCGGCGGAGCCTGG	67	119	exon:LYSMD4	21	54	78	88	ggc
target_79_ENST00000332728.8.fasta_pilon	298forw	CACGTATACATGTTTAAGAATGG	67	164	exon:LYSMD4	51	34	69	83	GrafOK
target_79_ENST00000332728.8.fasta_pilon	400rev	CCACGTCACCTGCTCCCGCCTGG	67	208	exon:LYSMD4	40	35	71	76	GrafOK
target_79_ENST00000332728.8.fasta_pilon	648rev	TCACTGTGGTCTCGGAAGACGGG	67	243	exon:LYSMD4	56	51	75	79	GrafOK
target_79_ENST00000332728.8.fasta_pilon	656rev	TTCCACGGTCACTGTGGTCTCGG	67	131	exon:LYSMD4	46	57	60	67	GrafOK
target_79_ENST00000332728.8.fasta_pilon	1143rev	GCCAACTGCAAAAGCTGGGCAGG	67	166	intron:RP11-284M14.1	48	15	74	86	GrafOK
target_79_ENST00000332728.8.fasta_pilon	1277rev	GACTGGGTAAGGCCATGCCCAGG	67	183	exon:LYSMD4	51	33	65	65	GrafOK
target_79_ENST00000332728.8.fasta_pilon	1541forw	TATCCTCACTTCCTGTGGAGCGG	67	183	exon:LYSMD4	60	44	65	71	GrafOK
target_79_ENST00000332728.8.fasta_pilon	1734forw	AAAGCCCTGGACCCAAACTGCGG	67	188	exon:LYSMD4	74	67	73	81	GrafOK
target_79_ENST00000332728.8.fasta_pilon	1808forw	GTGACACACAGGCATCTCCCAGG	67	213	exon:LYSMD4	61	31	74	89	GrafOK
target_79_ENST00000332728.8.fasta_pilon	1877rev	CTCCTTCCAAGGAGGACAAGTGG	67	225	exon:LYSMD4	52	39	55	54	GrafOK
target_79_ENST00000332728.8.fasta_pilon	1923forw	TTGCTGGCCAGTGTTTGGAGGGG	67	226	exon:LYSMD4	60	75	77	80	GrafOK
target_79_ENST00000332728.8.fasta_pilon	2115rev	TTGCATATAGTGTTATTCTAAGG	67	225	exon:LYSMD4	36	39	57	86	GrafOK
target_79_ENST00000332728.8.fasta_pilon	2743forw	TCTGTCACTGTCACTTCACCAGG	67	280	exon:LYSMD4	56	36	49	76	GrafOK
target_79_ENST00000332728.8.fasta_pilon	2747forw	TCACTGTCACTTCACCAGGCAGG	67	307	exon:LYSMD4	59	34	60	79	GrafOK
target_79_ENST00000332728.8.fasta_pilon	103forw	CGGAGCCTGGGCGCTGAGAAGGG	66	211		43	74	69	84	GrafOK
target_79_ENST00000332728.8.fasta_pilon	190forw	CCGTCCCCGGGCTGCCGCCGTGG	66	211	exon:LYSMD4	48	69	83	55	GrafOK
target_79_ENST00000332728.8.fasta_pilon	273rev	CTTAAACATGTATACGTGGCTGG	66	138	exon:LYSMD4	50	18	71	88	GrafOK
target_79_ENST00000332728.8.fasta_pilon	604forw	AGATTCCAGTGAGAAACCATGGG	66	217	exon:LYSMD4	65	60	61	78	GrafOK
target_79_ENST00000332728.8.fasta_pilon	710rev	CAGTTGGCCGGCCTGGGCACCGG	66	163	exon:LYSMD4	39	77	59	64	GrafOK
target_79_ENST00000332728.8.fasta_pilon	969forw	TACTTTAAAATACAAGCTAGTGG	66	316	exon:LYSMD4	58	28	73	83	GrafOK
target_79_ENST00000332728.8.fasta_pilon	1110rev	ACAAAGCTTAGTTCCCTGGCTGG	66	146	intron:RP11-284M14.1	46	19	82	85	GrafOK
target_79_ENST00000332728.8.fasta_pilon	1674forw	CTACTTCATATTTGCTTCATCGG	66	244	intron:RP11-284M14.1	38	46	71	80	GrafOK
target_79_ENST00000332728.8.fasta_pilon	1891forw	ATTCTCCCACTTGTCCTCCTTGG	66	248	exon:LYSMD4	39	49	79	61	tt
target_79_ENST00000332728.8.fasta_pilon	2065forw	GCTTCCCTGGCTCAGTTCTTCGG	66	237	exon:LYSMD4	36	50	67	73	tt
target_79_ENST00000332728.8.fasta_pilon	2172forw	TTCCAGGACCAAAGACTTGATGG	66	189	exon:LYSMD4	49	15	71	87	GrafOK
target_79_ENST00000332728.8.fasta_pilon	2714rev	GTGACAGTGACAGATGTTAGAGG	66	239	exon:LYSMD4	58	46	70	85	GrafOK
target_79_ENST00000332728.8.fasta_pilon	1147rev	AAGAGCCAACTGCAAAAGCTGGG	65	231	intron:RP11-284M14.1	61	61	70	61	GrafOK
target_79_ENST00000332728.8.fasta_pilon	1280forw	TTCCCAATTGCACTGGCCCTGGG	65	178	exon:LYSMD4	49	57	65	68	GrafOK
target_79_ENST00000332728.8.fasta_pilon	1559forw	AGCGGGGATTGGCTCTGAGAAGG	65	162	exon:LYSMD4	57	60	65	75	GrafOK
target_79_ENST00000332728.8.fasta_pilon	1921forw	TCTTGCTGGCCAGTGTTTGGAGG	65	208	exon:LYSMD4	39	35	69	87	GrafOK
target_79_ENST00000332728.8.fasta_pilon	2083forw	TTCGGAGCTCCAGAGTGAGAAGG	65	166	exon:LYSMD4	61	37	65	63	GrafOK
target_79_ENST00000332728.8.fasta_pilon	2177forw	GGACCAAAGACTTGATGGAGGGG	65	226	exon:LYSMD4	63	37	70	81	GrafOK
target_79_ENST00000332728.8.fasta_pilon	2406forw	CTCCAAGAGTTCTGGACAGGAGG	65	214	exon:LYSMD4	61	66	62	86	GrafOK
target_79_ENST00000332728.8.fasta_pilon	2466forw	GGCCTTTGACTCATGAGGCCTGG	65	202	exon:LYSMD4	44	28	75	83	ggc
target_79_ENST00000332728.8.fasta_pilon	2608forw	TAGACACCAGAAAGATCTTCAGG	65	197	intron:RP11-284M14.1	35	34	73	49	tt
target_79_ENST00000332728.8.fasta_pilon	2705rev	ACAGATGTTAGAGGAACCTGTGG	65	213	exon:LYSMD4	72	55	74	72	GrafOK
target_79_ENST00000332728.8.fasta_pilon	152forw	GCTGCCGCCGCCCCTGAGCTCGG	64	301	exon:LYSMD4	39	45	67	85	GrafOK
target_79_ENST00000332728.8.fasta_pilon	671rev	GTCTGCCTCTGGCAGTTCCACGG	64	250	exon:LYSMD4	52	40	65	76	GrafOK
target_79_ENST00000332728.8.fasta_pilon	918forw	GTTTTCATCATGCTGCTGATTGG	64	180	exon:LYSMD4	42	32	62	86	GrafOK
target_79_ENST00000332728.8.fasta_pilon	1393rev	CTCACAGTGCTGCTATGAACTGG	64	216	exon:LYSMD4	43	19	80	82	GrafOK
target_79_ENST00000332728.8.fasta_pilon	2008rev	CCTGTGTTAGGTGTGCACAGGGG	64	222	exon:LYSMD4	84	66	62	90	GrafOK
target_79_ENST00000332728.8.fasta_pilon	2251rev	CTGCTGCCTTGGCAGCGAGAAGG	64	279	exon:LYSMD4	52	45	48	83	GrafOK
target_79_ENST00000332728.8.fasta_pilon	2741rev	ATGGAACTCCAAGGCCTGCCTGG	64	230	exon:LYSMD4	45	52	50	83	ggc
target_79_ENST00000332728.8.fasta_pilon	187rev	TTTTCTTCACTGCAGGACCACGG	63	292		63	35	83	83	GrafOK
target_79_ENST00000332728.8.fasta_pilon	263forw	AAGGCCCAGCTGTTGTGTGTGGG	63	171	exon:LYSMD4	62	62	61	89	GrafOK
target_79_ENST00000332728.8.fasta_pilon	889forw	CAGATTGTGGCATTCAGTGGTGG	63	226	exon:LYSMD4	64	71	68	81	GrafOK
target_79_ENST00000332728.8.fasta_pilon	1805rev	AGCCTGTGTGTGCTTGGCCTGGG	63	308	exon:LYSMD4	37	50	74	69	ggc
target_79_ENST00000332728.8.fasta_pilon	1907forw	TCCTTGGAAGGAGCTCTTGCTGG	63	166	exon:LYSMD4	35	8	72	80	tt
target_79_ENST00000332728.8.fasta_pilon	2428forw	GCAGACACTGCCCAGATGCTCGG	63	275	exon:LYSMD4	55	48	66	85	GrafOK
target_79_ENST00000332728.8.fasta_pilon	109forw	CTGGGCGCTGAGAAGGGACTTGG	62	339		38	70	66	66	GrafOK
target_79_ENST00000332728.8.fasta_pilon	314forw	AGAATGGCAGTGGGGACTCGGGG	62	239	exon:LYSMD4	58	47	58	70	GrafOK
target_79_ENST00000332728.8.fasta_pilon	1114rev	AAAAACAAAGCTTAGTTCCCTGG	62	355	intron:RP11-284M14.1	43	8	69	81	GrafOK
target_79_ENST00000332728.8.fasta_pilon	1116forw	TTCAGTCAGACCACCCAGCCAGG	62	191	intron:RP11-284M14.1	48	62	74	89	ggc
target_79_ENST00000332728.8.fasta_pilon	1262rev	TGCCCAGGGCCAGTGCAATTGGG	62	170	exon:LYSMD4	33	55	66	64	GrafOK
target_79_ENST00000332728.8.fasta_pilon	1385forw	CATTTCCCTGTGACATTTAGTGG	62	316	exon:LYSMD4	34	29	74	83	GrafOK
target_79_ENST00000332728.8.fasta_pilon	1489forw	ACCTGCAGCGTGAGAGCCAGTGG	62	221	exon:LYSMD4	52	71	59	69	GrafOK
target_79_ENST00000332728.8.fasta_pilon	1823forw	CTCCCAGGCCAAGCACACACAGG	62	273	exon:LYSMD4	60	59	59	87	GrafOK
target_79_ENST00000332728.8.fasta_pilon	2156forw	AATGTAACTCACAATGTTCCAGG	62	307	exon:LYSMD4	46	26	66	86	tt
target_79_ENST00000332728.8.fasta_pilon	2265forw	CCCAGCCCTTCTCGCTGCCAAGG	62	497	exon:LYSMD4	43	49	51	71	GrafOK
target_79_ENST00000332728.8.fasta_pilon	2337rev	TCCCACCCCTCCATGCCACAGGG	62	333	exon:LYSMD4	61	42	66	86	GrafOK
target_79_ENST00000332728.8.fasta_pilon	2668rev	GAGAGCACAGACATTTGGCTGGG	62	208	exon:LYSMD4	67	50	76	83	GrafOK
target_79_ENST00000332728.8.fasta_pilon	113forw	GCGCTGAGAAGGGACTTGGAGGG	61	217		67	62	69	73	GrafOK
target_79_ENST00000332728.8.fasta_pilon	420forw	CCAGGCGGGAGCAGGTGACGTGG	61	342	exon:LYSMD4	60	57	73	85	GrafOK
target_79_ENST00000332728.8.fasta_pilon	614forw	GAGAAACCATGGGATCCTGATGG	61	263	exon:LYSMD4	60	29	60	73	GrafOK
target_79_ENST00000332728.8.fasta_pilon	1223forw	GGGTGCTGCATTTTGCTTCCGGG	61	225	exon:LYSMD4	30	36	72	84	tt
target_79_ENST00000332728.8.fasta_pilon	1542forw	ATCCTCACTTCCTGTGGAGCGGG	61	232	exon:LYSMD4	42	26	67	74	GrafOK
target_79_ENST00000332728.8.fasta_pilon	125forw	GACTTGGAGGGAAGCGGGCCTGG	60	340	exon:LYSMD4	33	35	77	88	ggc
target_79_ENST00000332728.8.fasta_pilon	169rev	CACGGCGGCAGCCCGGGGACGGG	60	238	exon:LYSMD4	29	69	72	79	GrafOK
target_79_ENST00000332728.8.fasta_pilon	262forw	CAAGGCCCAGCTGTTGTGTGTGG	60	293	exon:LYSMD4	52	58	58	93	GrafOK
target_79_ENST00000332728.8.fasta_pilon	305forw	ACATGTTTAAGAATGGCAGTGGG	60	258	exon:LYSMD4	57	24	70	73	GrafOK
target_79_ENST00000332728.8.fasta_pilon	1011forw	AACACAACTGTCATCCCCAATGG	60	207	exon:LYSMD4	58	65	64	66	GrafOK
target_79_ENST00000332728.8.fasta_pilon	1106rev	AGCTTAGTTCCCTGGCTGGGTGG	60	223	intron:RP11-284M14.1	59	48	67	86	GrafOK
target_79_ENST00000332728.8.fasta_pilon	1222forw	GGGGTGCTGCATTTTGCTTCCGG	60	363	exon:LYSMD4	33	40	70	76	tt
target_79_ENST00000332728.8.fasta_pilon	1946forw	AGGATGAGTGCCTGTCACTGAGG	60	248	exon:LYSMD4	53	49	79	63	GrafOK
target_79_ENST00000332728.8.fasta_pilon	1989rev	GGGGCTGCGGCTCTCAGCACAGG	60	297	exon:LYSMD4	43	63	61	74	GrafOK
target_79_ENST00000332728.8.fasta_pilon	2086rev	CCCAGAGAAAAAGGACGAAGCGG	60	532	exon:LYSMD4	60	47	70	75	GrafOK
target_79_ENST00000332728.8.fasta_pilon	2176forw	AGGACCAAAGACTTGATGGAGGG	60	238	exon:LYSMD4	61	39	66	83	GrafOK
target_79_ENST00000332728.8.fasta_pilon	2385rev	CTCCTGTCCAGAACTCTTGGAGG	60	215	exon:LYSMD4	56	19	51	81	GrafOK
target_79_ENST00000332728.8.fasta_pilon	2464rev	GACCTTTGATACTTTTCTCCAGG	60	182	exon:LYSMD4	48	11	72	82	GrafOK
target_79_ENST00000332728.8.fasta_pilon	2709forw	TCTGTGTCACTGAGGGCCACAGG	60	283	exon:LYSMD4	49	65	76	83	GrafOK
target_79_ENST00000332728.8.fasta_pilon	102forw	GCGGAGCCTGGGCGCTGAGAAGG	59	242		40	60	68	71	GrafOK
target_79_ENST00000332728.8.fasta_pilon	175rev	CAGGACCACGGCGGCAGCCCGGG	59	283	exon:LYSMD4	41	61	73	77	GrafOK
target_79_ENST00000332728.8.fasta_pilon	468forw	GGAGGACAGCCTCAACAAGCTGG	59	204	exon:LYSMD4	54	25	57	79	GrafOK
target_79_ENST00000332728.8.fasta_pilon	1847rev	CAGAGAGCCACGCTGTGGGACGG	59	276	exon:LYSMD4	59	59	76	80	GrafOK
target_79_ENST00000332728.8.fasta_pilon	1885rev	AGCAAGAGCTCCTTCCAAGGAGG	59	198	exon:LYSMD4	67	54	60	83	GrafOK
target_79_ENST00000332728.8.fasta_pilon	2222forw	AAGGCGATCAGAACACCTGAGGG	59	231	exon:LYSMD4	62	39	68	86	GrafOK
target_79_ENST00000332728.8.fasta_pilon	2518rev	TGTTTTTTCACACAACTGAAAGG	59	363	exon:LYSMD4	60	18	72	92	GrafOK
target_79_ENST00000332728.8.fasta_pilon	2639forw	AACTTCTGAATCTCTGCAATAGG	59	226	exon:LYSMD4	53	30	64	71	GrafOK
target_79_ENST00000332728.8.fasta_pilon	2753forw	TCACTTCACCAGGCAGGCCTTGG	59	251	exon:LYSMD4	47	45	60	66	ggc
target_79_ENST00000332728.8.fasta_pilon	1910rev	TCATCCTCCCCTCCAAACACTGG	58	300	exon:LYSMD4	59	32	76	83	GrafOK
target_79_ENST00000332728.8.fasta_pilon	2347forw	GTTGGTGCTGCCCTGTGGCATGG	58	248	exon:LYSMD4	41	60	61	79	GrafOK
target_79_ENST00000332728.8.fasta_pilon	2352forw	TGCTGCCCTGTGGCATGGAGGGG	58	362	exon:LYSMD4	52	67	64	81	GrafOK
target_79_ENST00000332728.8.fasta_pilon	170rev	CCACGGCGGCAGCCCGGGGACGG	57	277	exon:LYSMD4	38	58	71	82	GrafOK
target_79_ENST00000332728.8.fasta_pilon	237rev	CACAACAGCTGGGCCTTGGAAGG	57	269	exon:LYSMD4	53	29	87	82	GrafOK
target_79_ENST00000332728.8.fasta_pilon	1615rev	AATTTGTCACTCTCTAAAACAGG	57	262	intron:RP11-284M14.1	36	34	65	82	GrafOK
target_79_ENST00000332728.8.fasta_pilon	1806rev	CAGCCTGTGTGTGCTTGGCCTGG	57	358	exon:LYSMD4	29	45	71	78	ggc
target_79_ENST00000332728.8.fasta_pilon	2274forw	TCTCGCTGCCAAGGCAGCAGTGG	57	248	exon:LYSMD4	50	49	78	48	GrafOK
target_79_ENST00000332728.8.fasta_pilon	2381rev	TGTCCAGAACTCTTGGAGGCCGG	57	272	exon:LYSMD4	41	24	61	66	GrafOK
target_79_ENST00000332728.8.fasta_pilon	402forw	CGGTGTCCACCAGCCTCCCCAGG	56	261	exon:LYSMD4	49	56	70	75	GrafOK
target_79_ENST00000332728.8.fasta_pilon	2246rev	GCCTTGGCAGCGAGAAGGGCTGG	56	337	exon:LYSMD4	31	35	59	67	GrafOK
target_79_ENST00000332728.8.fasta_pilon	306forw	CATGTTTAAGAATGGCAGTGGGG	55	277	exon:LYSMD4	72	48	74	85	GrafOK
target_79_ENST00000332728.8.fasta_pilon	1073rev	CTGGCTGTCTGAAGAGGTGACGG	55	322		63	74	73	68	GrafOK
target_79_ENST00000332728.8.fasta_pilon	1507rev	GTGAGGATACAGCAAGAGCCAGG	55	617	exon:LYSMD4	51	60	65	68	ggc
target_79_ENST00000332728.8.fasta_pilon	1536forw	TGCTGTATCCTCACTTCCTGTGG	55	305	exon:LYSMD4	56	34	69	85	GrafOK
target_79_ENST00000332728.8.fasta_pilon	1577rev	TATTCCACAGCACCTTTGCCAGG	55	298	exon:LYSMD4	55	29	74	75	ggc
target_79_ENST00000332728.8.fasta_pilon	1978forw	GGTTGGCGTCTGAAGCTGGGCGG	55	206	exon:LYSMD4	72	67	59	82	GrafOK
target_79_ENST00000332728.8.fasta_pilon	2338rev	CTCCCACCCCTCCATGCCACAGG	55	476	exon:LYSMD4	38	52	64	73	GrafOK
target_79_ENST00000332728.8.fasta_pilon	2548forw	GTGTGAAAAAACAGCTGGCCTGG	55	250	exon:LYSMD4	45	37	69	90	ggc
target_79_ENST00000332728.8.fasta_pilon	2702forw	TGTGCTCTCTGTGTCACTGAGGG	55	260	exon:LYSMD4	57	48	76	69	GrafOK
target_79_ENST00000332728.8.fasta_pilon	231rev	AGCTGGGCCTTGGAAGGTCTTGG	54	413	exon:LYSMD4	46	57	66	78	GrafOK
target_79_ENST00000332728.8.fasta_pilon	1579forw	AGGAGTGTTCTCTGTCTGCCTGG	54	378	exon:LYSMD4	52	40	79	85	ggc
target_79_ENST00000332728.8.fasta_pilon	38forw	CGCAGGCGCGGTGGCAGCTGCGG	53	311	exon:LYSMD4	NotEnoughFlankSeq	NotEnoughFlankSeq	NotEnoughFlankSeq	NotEnoughFlankSeq	GrafOK
target_79_ENST00000332728.8.fasta_pilon	304forw	TACATGTTTAAGAATGGCAGTGG	53	241	exon:LYSMD4	49	28	70	73	GrafOK
target_79_ENST00000332728.8.fasta_pilon	313forw	AAGAATGGCAGTGGGGACTCGGG	53	381	exon:LYSMD4	44	71	58	73	GrafOK
target_79_ENST00000332728.8.fasta_pilon	1585forw	GTTCTCTGTCTGCCTGGCAAAGG	53	292	exon:LYSMD4	50	39	65	73	GrafOK
target_79_ENST00000332728.8.fasta_pilon	1926forw	CTGGCCAGTGTTTGGAGGGGAGG	53	369	exon:LYSMD4	47	84	72	82	GrafOK
target_79_ENST00000332728.8.fasta_pilon	2106forw	CCGCTTCGTCCTTTTTCTCTGGG	53	217	exon:LYSMD4	32	27	70	77	tt
target_79_ENST00000332728.8.fasta_pilon	2292forw	AGTGGTGCTGTGGATGGGCTGGG	53	396	exon:LYSMD4	32	60	63	81	GrafOK
target_79_ENST00000332728.8.fasta_pilon	112forw	GGCGCTGAGAAGGGACTTGGAGG	52	300		44	58	71	82	GrafOK
target_79_ENST00000332728.8.fasta_pilon	194rev	TGCCTCATTTTCTTCACTGCAGG	52	375		43	17	94	88	GrafOK
target_79_ENST00000332728.8.fasta_pilon	405forw	TGTCCACCAGCCTCCCCAGGCGG	52	329	exon:LYSMD4	60	67	63	76	GrafOK
target_79_ENST00000332728.8.fasta_pilon	434forw	GTGACGTGGTGCTGCTGCAGCGG	52	274	exon:LYSMD4	54	73	50	55	GrafOK
target_79_ENST00000332728.8.fasta_pilon	931rev	AAGTAGACCAAATAAAAGACAGG	52	366	exon:LYSMD4	58	46	61	81	GrafOK
target_79_ENST00000332728.8.fasta_pilon	1285forw	AATTGCACTGGCCCTGGGCATGG	52	252	exon:LYSMD4	35	40	60	68	GrafOK
target_79_ENST00000332728.8.fasta_pilon	2287forw	GCAGCAGTGGTGCTGTGGATGGG	52	349	exon:LYSMD4	45	62	69	74	GrafOK
target_79_ENST00000332728.8.fasta_pilon	2291forw	CAGTGGTGCTGTGGATGGGCTGG	52	445	exon:LYSMD4	19	45	66	79	GrafOK
target_79_ENST00000332728.8.fasta_pilon	412forw	CAGCCTCCCCAGGCGGGAGCAGG	51	513	exon:LYSMD4	37	50	63	73	GrafOK
target_79_ENST00000332728.8.fasta_pilon	682rev	GCGCCTGCTCTGTCTGCCTCTGG	51	318	exon:LYSMD4	40	57	62	74	GrafOK
target_79_ENST00000332728.8.fasta_pilon	1364rev	CACTAAATGTCACAGGGAAATGG	51	316	exon:LYSMD4	46	34	70	59	GrafOK
target_79_ENST00000332728.8.fasta_pilon	2095rev	AGGGCATCACCCAGAGAAAAAGG	51	275	exon:LYSMD4	40	53	63	71	GrafOK
target_79_ENST00000332728.8.fasta_pilon	2351forw	GTGCTGCCCTGTGGCATGGAGGG	51	294	exon:LYSMD4	41	75	62	84	GrafOK
target_79_ENST00000332728.8.fasta_pilon	312forw	TAAGAATGGCAGTGGGGACTCGG	50	347	exon:LYSMD4	38	57	62	72	GrafOK
target_79_ENST00000332728.8.fasta_pilon	705forw	GAGGCAGACAGAGCAGGCGCGGG	50	588	exon:LYSMD4	38	65	60	67	GrafOK
target_79_ENST00000332728.8.fasta_pilon	1414forw	CAGTTCATAGCAGCACTGTGAGG	50	224	exon:LYSMD4	69	52	57	93	GrafOK
target_79_ENST00000332728.8.fasta_pilon	435forw	TGACGTGGTGCTGCTGCAGCGGG	49	295	exon:LYSMD4	47	61	50	49	GrafOK
target_79_ENST00000332728.8.fasta_pilon	1117forw	TCAGTCAGACCACCCAGCCAGGG	49	244	intron:RP11-284M14.1	68	39	69	92	GrafOK
target_79_ENST00000332728.8.fasta_pilon	1593forw	TCTGCCTGGCAAAGGTGCTGTGG	49	384	exon:LYSMD4	53	31	76	76	GrafOK
target_79_ENST00000332728.8.fasta_pilon	2245rev	CCTTGGCAGCGAGAAGGGCTGGG	49	412	exon:LYSMD4	43	61	60	72	GrafOK
target_79_ENST00000332728.8.fasta_pilon	2310rev	ACCAACTCCCAAGTAGTAGCAGG	49	147	exon:LYSMD4	55	13	56	61	GrafOK
target_79_ENST00000332728.8.fasta_pilon	2549forw	TGTGAAAAAACAGCTGGCCTGGG	49	344	exon:LYSMD4	56	38	68	87	ggc
target_79_ENST00000332728.8.fasta_pilon	2356forw	GCCCTGTGGCATGGAGGGGTGGG	48	429	exon:LYSMD4	39	70	64	76	GrafOK
target_79_ENST00000332728.8.fasta_pilon	2543forw	CAGTTGTGTGAAAAAACAGCTGG	48	293	exon:LYSMD4	54	18	75	74	GrafOK
target_79_ENST00000332728.8.fasta_pilon	212forw	GTCCTGCAGTGAAGAAAATGAGG	47	310		62	32	80	74	GrafOK
target_79_ENST00000332728.8.fasta_pilon	241rev	CACACACAACAGCTGGGCCTTGG	47	312	exon:LYSMD4	48	34	82	75	ggc
target_79_ENST00000332728.8.fasta_pilon	247rev	GAGTCCCACACACAACAGCTGGG	47	527	exon:LYSMD4	65	39	67	87	GrafOK
target_79_ENST00000332728.8.fasta_pilon	1961forw	CACTGAGGCCTCACTATGGTTGG	47	107	exon:LYSMD4	52	37	58	73	GrafOK
target_79_ENST00000332728.8.fasta_pilon	2002rev	TTAGGTGTGCACAGGGGCTGCGG	47	333	exon:LYSMD4	53	78	59	71	GrafOK
target_79_ENST00000332728.8.fasta_pilon	2342forw	TGGGAGTTGGTGCTGCCCTGTGG	47	394	exon:LYSMD4	67	65	64	86	GrafOK
target_79_ENST00000332728.8.fasta_pilon	2701forw	CTGTGCTCTCTGTGTCACTGAGG	47	440	exon:LYSMD4	61	43	75	80	GrafOK
target_79_ENST00000332728.8.fasta_pilon	621rev	GAAGGGGTTTCAGTTCTTTGTGG	46	229	exon:LYSMD4	50	32	64	83	tt
target_79_ENST00000332728.8.fasta_pilon	818rev	CGGGAGCAGTGGCTGATGGGAGG	46	481	exon:LYSMD4	62	88	79	85	GrafOK
target_79_ENST00000332728.8.fasta_pilon	2377forw	GGAGGGGCTGAGATGGCTGCTGG	46	650	exon:LYSMD4	35	36	57	73	GrafOK
target_79_ENST00000332728.8.fasta_pilon	2382forw	GGCTGAGATGGCTGCTGGCCCGG	46	498	exon:LYSMD4	41	53	58	84	ggc
target_79_ENST00000332728.8.fasta_pilon	2445forw	GCTCGGTGGAGGGACAGTGATGG	46	256	exon:LYSMD4	60	48	69	76	GrafOK
target_79_ENST00000332728.8.fasta_pilon	1047rev	GCACTGCAACTGCTAGTCTGGGG	45	117	exon:LYSMD4	53	45	52	88	GrafOK
target_79_ENST00000332728.8.fasta_pilon	2594rev	TTTTATCCTGAAGATCTTTCTGG	45	346	intron:RP11-284M14.1	19	30	63	77	tt
target_79_ENST00000332728.8.fasta_pilon	168rev	ACGGCGGCAGCCCGGGGACGGGG	44	268	exon:LYSMD4	37	71	70	73	GrafOK
target_79_ENST00000332728.8.fasta_pilon	391rev	CTGCTCCCGCCTGGGGAGGCTGG	44	389	exon:LYSMD4	30	63	71	73	GrafOK
target_79_ENST00000332728.8.fasta_pilon	1604forw	AAGGTGCTGTGGAATAGTCTTGG	44	193		54	57	75	75	GrafOK
target_79_ENST00000332728.8.fasta_pilon	1697rev	GGCTTTTTCAATTCTAGAAATGG	44	314	intron:RP11-284M14.1	32	6	68	72	GrafOK
target_79_ENST00000332728.8.fasta_pilon	2229forw	TCAGAACACCTGAGGGAGGAAGG	44	408	exon:LYSMD4	55	44	71	64	GrafOK
target_79_ENST00000332728.8.fasta_pilon	2230forw	CAGAACACCTGAGGGAGGAAGGG	44	419	exon:LYSMD4	56	42	73	74	GrafOK
target_79_ENST00000332728.8.fasta_pilon	2301forw	GTGGATGGGCTGGGGACTGCGGG	44	580	exon:LYSMD4	43	56	68	72	GrafOK
target_79_ENST00000332728.8.fasta_pilon	2350forw	GGTGCTGCCCTGTGGCATGGAGG	44	414	exon:LYSMD4	53	51	61	83	GrafOK
target_79_ENST00000332728.8.fasta_pilon	2355forw	TGCCCTGTGGCATGGAGGGGTGG	44	450	exon:LYSMD4	39	59	64	81	GrafOK
target_79_ENST00000332728.8.fasta_pilon	2554rev	AAGATGATTTAATTTGCTAATGG	44	526	exon:LYSMD4	50	39	67	78	GrafOK
target_79_ENST00000332728.8.fasta_pilon	2669rev	AGAGAGCACAGACATTTGGCTGG	44	280	exon:LYSMD4	56	7	76	83	GrafOK
target_79_ENST00000332728.8.fasta_pilon	39forw	GCAGGCGCGGTGGCAGCTGCGGG	42	619	exon:LYSMD4	NotEnoughFlankSeq	NotEnoughFlankSeq	NotEnoughFlankSeq	NotEnoughFlankSeq	GrafOK
target_79_ENST00000332728.8.fasta_pilon	444rev	CTTGTTGAGGCTGTCCTCCTGGG	42	156	exon:LYSMD4	45	68	37	61	tt
target_79_ENST00000332728.8.fasta_pilon	445rev	GCTTGTTGAGGCTGTCCTCCTGG	42	165	exon:LYSMD4	28	14	44	62	GrafOK
target_79_ENST00000332728.8.fasta_pilon	944forw	TGTCTTGCCTGTCTTTTATTTGG	42	507	exon:LYSMD4	22	22	56	76	tt
target_79_ENST00000332728.8.fasta_pilon	2039rev	AACTGAGCCAGGGAAGCAGCAGG	42	413	exon:LYSMD4	42	34	53	66	GrafOK
target_79_ENST00000332728.8.fasta_pilon	1524rev	TCCCCGCTCCACAGGAAGTGAGG	41	303	exon:LYSMD4	61	44	64	91	GrafOK
target_79_ENST00000332728.8.fasta_pilon	1888rev	GCCAGCAAGAGCTCCTTCCAAGG	41	224	exon:LYSMD4	59	51	79	87	GrafOK
target_79_ENST00000332728.8.fasta_pilon	2038rev	ACTGAGCCAGGGAAGCAGCAGGG	41	509	exon:LYSMD4	57	42	59	78	GrafOK
target_79_ENST00000332728.8.fasta_pilon	2262rev	CCACAGCACCACTGCTGCCTTGG	41	764	exon:LYSMD4	46	36	51	75	ggc
target_79_ENST00000332728.8.fasta_pilon	2286forw	GGCAGCAGTGGTGCTGTGGATGG	41	834	exon:LYSMD4	38	47	66	84	GrafOK
target_79_ENST00000332728.8.fasta_pilon	395rev	TCACCTGCTCCCGCCTGGGGAGG	40	216	exon:LYSMD4	54	58	69	73	GrafOK
target_79_ENST00000332728.8.fasta_pilon	406forw	GTCCACCAGCCTCCCCAGGCGGG	40	423	exon:LYSMD4	49	46	63	85	GrafOK
target_79_ENST00000332728.8.fasta_pilon	2673rev	ACACAGAGAGCACAGACATTTGG	40	489	exon:LYSMD4	45	35	83	79	tt
target_79_ENST00000332728.8.fasta_pilon	510forw	ACATTCAGAGTGATTAACAATGG	39	233		61	41	58	73	GrafOK
target_79_ENST00000332728.8.fasta_pilon	829rev	TTCGGAGGTGCCGGGAGCAGTGG	39	304	exon:LYSMD4	52	82	66	61	GrafOK
target_79_ENST00000332728.8.fasta_pilon	1221rev	GAAAAGTGTCCATCCTTCCCCGG	39	220	exon:LYSMD4	58	42	73	83	GrafOK
target_79_ENST00000332728.8.fasta_pilon	2760rev	TGACAAAAGTGATTTTGTCATGG	39	373	exon:LYSMD4	61	23	62	82	GrafOK
target_79_ENST00000332728.8.fasta_pilon	120forw	GAAGGGACTTGGAGGGAAGCGGG	38	552	exon:LYSMD4	49	49	80	82	GrafOK
target_79_ENST00000332728.8.fasta_pilon	1721forw	TTCTAGAATTGAAAAAGCCCTGG	38	240		48	4	69	81	GrafOK
target_79_ENST00000332728.8.fasta_pilon	388rev	CTCCCGCCTGGGGAGGCTGGTGG	37	677	exon:LYSMD4	46	64	62	79	GrafOK
target_79_ENST00000332728.8.fasta_pilon	2293forw	GTGGTGCTGTGGATGGGCTGGGG	37	680	exon:LYSMD4	48	73	61	76	GrafOK
target_79_ENST00000332728.8.fasta_pilon	450forw	GCAGCGGGAGCTGGCCCAGGAGG	36	582	exon:LYSMD4	57	94	42	56	GrafOK
target_79_ENST00000332728.8.fasta_pilon	704forw	AGAGGCAGACAGAGCAGGCGCGG	36	853	exon:LYSMD4	38	55	63	76	GrafOK
target_79_ENST00000332728.8.fasta_pilon	723forw	GCGGGCACCGGTGCCCAGGCCGG	36	449	exon:LYSMD4	33	71	63	71	GrafOK
target_79_ENST00000332728.8.fasta_pilon	1614rev	ATTTGTCACTCTCTAAAACAGGG	36	331	intron:RP11-284M14.1	65	46	67	80	GrafOK
target_79_ENST00000332728.8.fasta_pilon	699forw	CTGCCAGAGGCAGACAGAGCAGG	35	633	exon:LYSMD4	46	46	62	67	GrafOK
target_79_ENST00000332728.8.fasta_pilon	2217rev	TGCAAGCCCCTTCCTCCCTCAGG	35	569	exon:LYSMD4	47	43	68	83	GrafOK
target_79_ENST00000332728.8.fasta_pilon	2231forw	AGAACACCTGAGGGAGGAAGGGG	35	658	exon:LYSMD4	51	66	69	71	GrafOK
target_79_ENST00000332728.8.fasta_pilon	1811rev	GGGCGCAGCCTGTGTGTGCTTGG	34	273	exon:LYSMD4	39	35	64	83	GrafOK
target_79_ENST00000332728.8.fasta_pilon	441forw	GGTGCTGCTGCAGCGGGAGCTGG	33	791	exon:LYSMD4	28	32	50	48	GrafOK
target_79_ENST00000332728.8.fasta_pilon	603forw	AAGATTCCAGTGAGAAACCATGG	33	401	exon:LYSMD4	60	46	58	79	GrafOK
target_79_ENST00000332728.8.fasta_pilon	219forw	AGTGAAGAAAATGAGGCACGAGG	32	783	exon:LYSMD4	69	49	74	86	GrafOK
target_79_ENST00000332728.8.fasta_pilon	1189forw	TGAAGTGCCTCAGCTGTCACTGG	32	165		48	39	62	72	GrafOK
target_79_ENST00000332728.8.fasta_pilon	2507rev	ACAACTGAAAGGAGAGAAATCGG	32	693	exon:LYSMD4	41	56	69	83	GrafOK
target_79_ENST00000332728.8.fasta_pilon	2036rev	TGAGCCAGGGAAGCAGCAGGGGG	29	743	exon:LYSMD4	56	71	55	55	GrafOK
target_79_ENST00000332728.8.fasta_pilon	2052forw	CGCTCCCCCTGCTGCTTCCCTGG	29	608	exon:LYSMD4	33	25	55	75	GrafOK
target_79_ENST00000332728.8.fasta_pilon	2282forw	CCAAGGCAGCAGTGGTGCTGTGG	29	1569	exon:LYSMD4	52	62	66	66	GrafOK
target_79_ENST00000332728.8.fasta_pilon	2814forw	TATCCTTTACTTTTCTCAAATGG	29	704	exon:LYSMD4	NotEnoughFlankSeq	NotEnoughFlankSeq	NotEnoughFlankSeq	NotEnoughFlankSeq	GrafOK
target_79_ENST00000332728.8.fasta_pilon	447forw	GCTGCAGCGGGAGCTGGCCCAGG	25	752	exon:LYSMD4	31	56	37	62	GrafOK
target_79_ENST00000332728.8.fasta_pilon	2797rev	ATTCCATTTGAGAAAAGTAAAGG	25	642	exon:LYSMD4	49	40	69	78	GrafOK
target_79_ENST00000332728.8.fasta_pilon	2360forw	TGTGGCATGGAGGGGTGGGAGGG	24	984	exon:LYSMD4	44	58	65	69	GrafOK
target_79_ENST00000332728.8.fasta_pilon	2300forw	TGTGGATGGGCTGGGGACTGCGG	23	999	exon:LYSMD4	53	78	65	75	GrafOK
target_79_ENST00000332728.8.fasta_pilon	2380rev	GTCCAGAACTCTTGGAGGCCGGG	23	1051	exon:LYSMD4	46	34	60	75	ggc
target_79_ENST00000332728.8.fasta_pilon	2388rev	TGCCTCCTGTCCAGAACTCTTGG	22	576	exon:LYSMD4	39	37	46	72	tt
target_79_ENST00000332728.8.fasta_pilon	2359forw	CTGTGGCATGGAGGGGTGGGAGG	21	1183	exon:LYSMD4	31	76	63	78	GrafOK
target_79_ENST00000332728.8.fasta_pilon	123rev	GGGGCGGCGGCAGCAGCTCCAGG	20	1020	exon:LYSMD4	32	61	71	71	GrafOK
target_79_ENST00000332728.8.fasta_pilon	2361forw	GTGGCATGGAGGGGTGGGAGGGG	20	1398	exon:LYSMD4	37	90	68	74	GrafOK
target_79_ENST00000332728.8.fasta_pilon	2037rev	CTGAGCCAGGGAAGCAGCAGGGG	19	827	exon:LYSMD4	46	67	56	51	GrafOK
target_79_ENST00000332728.8.fasta_pilon	756rev	GCACTGCACGCTCAATATCCTGG	18	2321	exon:LYSMD4	47	12	56	68	GrafOK
target_79_ENST00000332728.8.fasta_pilon	119forw	AGAAGGGACTTGGAGGGAAGCGG	17	1263	exon:LYSMD4	50	58	78	82	GrafOK
target_79_ENST00000332728.8.fasta_pilon	2839forw	TAAAATTATTTCTTCTGTGGAGG	17	1329	exon:LYSMD4	NotEnoughFlankSeq	NotEnoughFlankSeq	NotEnoughFlankSeq	NotEnoughFlankSeq	GrafOK
target_79_ENST00000332728.8.fasta_pilon	2370forw	AGGGGTGGGAGGGGCTGAGATGG	16	2004	exon:LYSMD4	41	86	61	63	GrafOK
target_79_ENST00000332728.8.fasta_pilon	2836forw	GAATAAAATTATTTCTTCTGTGG	15	1241	exon:LYSMD4	NotEnoughFlankSeq	NotEnoughFlankSeq	NotEnoughFlankSeq	NotEnoughFlankSeq	GrafOK
target_79_ENST00000332728.8.fasta_pilon	2221forw	AAAGGCGATCAGAACACCTGAGG	14	4023	exon:LYSMD4	66	61	66	85	GrafOK
target_79_ENST00000332728.8.fasta_pilon	2398forw	GGCCCGGCCTCCAAGAGTTCTGG	8	6509	exon:LYSMD4	33	30	59	75	tt
target_79_ENST00000332728.8.fasta_pilon	620rev	AAGGGGTTTCAGTTCTTTGTGGG	6	5325	exon:LYSMD4	33	51	62	79	tt
target_79_ENST00000332728.8.fasta_pilon	839forw	CTCCCATCAGCCACTGCTCCCGG	6	2295	exon:LYSMD4	54	32	71	74	GrafOK
target_79_ENST00000332728.8.fasta_pilon	2225forw	GCGATCAGAACACCTGAGGGAGG	6	2748	exon:LYSMD4	69	53	67	80	GrafOK
target_79_ENST00000332728.8.fasta_pilon	821rev	TGCCGGGAGCAGTGGCTGATGGG	0	0		47	54	89	87	GrafOK
target_79_ENST00000332728.8.fasta_pilon	822rev	GTGCCGGGAGCAGTGGCTGATGG	0	0		40	64	85	87	GrafOK
